8 10 3
35 40 50 53 47 38 55 50
20 15 17 30 20 25 19 22 16 25
50 40 36
7 11 2
40 36 45 35 35 44 55 
27 20 22 25 19 25 24 30 21 16 30 
40 40
7 9 4
45 30 55 48 30 44 47
25 23 37 18 27 30 28 16 20
36 55 40 35
9 10 2
35 50 40 47 38 35 55 36 44 
17 35 26 19 18 24 30 18 34 27
 49 55
8
20
R 3 N 1 15 100 B
R 3 N 2 20 150 A
R 4 V 3 25 200 C
R 5 F 4 10 100 B
R 6 N 5 20 150 D
R 6 N 6 15 100 A
R 7 V 7 25 300 D
P 8 1 50
X 9 2
R 10 F 8 16 200 A
P 10 3 55
R 11 N 9 19 100 A
R 11 V 10 25 300 B
R 11 N 11 20 150 C
R 12 F 12 15 200 D
R 12 N 13 17 100 A
X 12 11
R 13 N 14 25 150 C
R 13 V 15 20 250 B
R 14 F 16 30 200 C
