9 10 2
40 45 38 35 50 60 39 35 55
20 18 19 14 23 22 25 29 28 12
40 40
5 7 3
50 43 39 44 42
20 19 12 11 15 22 23
50 45 40
6 9 3
45 50 40 35 39 36
20 12 15 17 26 29 30 27 28
40 45 55
7 8 2
45 59 40 37 39 48 50
34 32 19 35 16 17 18 24
50 40
9
20
R 3 N 1 15 100 A
R 3 N 2 20 150 B 
R 4 V 3 10 200 A
R 4 N 4 25 150 C
R 5 F 5 15 200 D
R 5 N 6 10 100 D
P 5 4 50
X 6 1
R 6 N 7 20 100 B
R 7 N 8 10 100 C
P 7 6 55
R 8 V 9 15 200 A
R 8 N 10 20 100 B
R 8 N 11 10 100 D
X 9 10
R 9 F 12 15 150 A
R 10 V 13 20  C
R 10 N 14 25 D
R 11 F 15 15 B
R 11 N 16 15 C
