5 9 2
30 40 35 38 45
20 18 19 13 14 25 28 30 12
40 45
8 10 3
40 45 60 43 32 39 44 42
13 14 16 20 28 30 26 12 35 27
50 43 40
6 8 1
40 38 36 49 50 35
25 28 29 19 30 26 14 13
50
7 9 4
40 35 46 39 39 44 42 
15 12 19 20 30 28 26 16 27
40 43 39 50
8
20
R 3 N 1 15 100 A
R 3 N 2 10 80 B
R 4 N 3 17 150 B
R 4 F 4 20 200 C
R 5 N 5 25 100 D
P 5 2 50
R 6 N 6 15 100 D
R 6 V 7 10 200 A
R 7 N 8 20 150 C
X 7 5
P 7 6 55
R 8 N 9 15 150 A
R 8 V 10 20 200 B
R 9 N 11 20 150 D
R 9 F 12 15 100 C
P 10 9 55
R 10 N 13 17 150 A
R 11 F 14 15 200 B
R 11 V 15 15 250 C
R 11 N 16 16 100 D