7 9 3
30 40 50 15 45 38 55
20 15 17 30 20 25 19 22 16 
50 40 30
8 11 5
30 40 45 55 38 35 44 50 
15 20 22 17 19 25 28 30 21 17 19 
40 33 50 38 45
6 8 4
40 35 45 38 60 50
22 25 17 19 20 30 28 26
40 45 30 35
8 10 2
45 60 40 50 38 35 55 36
20 25 23 19 15 10 30 28 32 17
 40 40
7
20
R 3 N 1 15 100 A
R 3 N 2 20 150 A
R 4 V 3 25 200 B
R 5 F 4 10 100 C
R 6 N 5 20 150 D
R 6 N 6 15 100 B
R 7 V 7 25 300 D
P 8 1 50
X 9 2
R 10 F 8 16 200 C
P 10 3 55
R 11 N 9 19 100 A
R 11 V 10 25 300 B
R 11 N 11 20 150 C
R 12 F 12 15 200 D
R 12 N 13 17 100 A
X 12 11
R 13 N 14 25 150 D
R 13 V 15 20 250 B
R 14 F 16 30 200 C