3 4 2
20 15 19 
10 9 18 21 
35 45
6 5 4
19 14 14 7 21 12 
15 13 10 8 9 
53 25 30 31 
6 6 6
7 16 12 9 9 13 
5 13 15 20 16 8
37 26 49 51 30 25 
3 1 2
12 7 13
15
43 33
12
21
R 4 F 1 5 68 A
R 4 V 2 17 323 A
R 4 V 3 22 290 B
R 5 F 4 10 60 B
R 5 N 5 9 150 A
R 7 N 6 11 150 D
R 7 N 7 17 150 D
R 7 V 8 14 280 C
R 8 N 9 53 330 D

X 9 7
P 9 9 150
R 10 V 10 34 290 D
R 12 N 11 35 70 B
R 12 F 12 35 250 C
P 14 11 133
R 15 N 13 35 250 C
R 15 V 14 35 250 D
X 17 6
R 18 F 15 12 33 A
R 18 N 16 25 250 B
R 19 F 17 19 50 C




